[1]0909[2]1008[1]0908[2]0808[1]0907[2]0910[1]0809[2]0906[1]1007[2]0710[1]1009[2]1109[1]0810[2]0709[1]0807[2]0707[1]0708[2]1106[1]0706[2]1110[1]0605B
[1]0909[2]1008[1]1007[2]0908[1]0907[2]0906[1]1009[2]1006[1]1107[2]0807[1]0905[2]1207[1]1005[2]1106[1]1206[2]1108[1]1208[2]0910[1]0806[2]0808[1]0708[2]1004[1]0809[2]0709[1]1105[2]1109[1]1209[2]0805[1]0904[2]1205[1]0706[2]0707[1]1104[2]0705[1]0704[2]0804[1]0606[2]0506[1]0607[2]0605[1]0505[2]0507[1]0608[2]0609[1]0407[2]0508[1]0509[2]1003[1]0903[2]0902[1]0408[2]0803[1]0802[2]1010[1]0703[2]0604[1]1110[2]0901[1]1002[2]0702[1]0801[2]0307[1]0406[2]0409[1]0911[2]0405[1]0504[2]0603[1]0602[2]0810[1]0710[2]0701[1]0811[2]1204[1]1103[2]1102[1]1001[2]0711[1]0610[2]1308[1]1409[2]1309[1]1304[2]1203[1]1202[2]1101[1]1307[2]1408[1]1210[2]1211[1]1407[2]1306[1]1405[2]1310[1]1311[2]1406[1]1305[2]1404[1]1303[2]1302[1]1201[2]0611[1]0510[2]0410[1]0612[2]0511[1]0411[2]1011[1]1111[2]0900[1]0800[2]1403[1]1000[2]1100[1]0512[2]0404[1]0503[2]0502[1]0601[2]0700[1]1503[2]0403[1]0402[2]0501[1]0600[2]1504[1]1605[2]1505[1]0304[2]1705[1]1604[2]1506[1]1507[2]1606[1]1706[2]1607[1]1707[2]1508[1]1608[2]1807[1]0308[2]1603[1]0712[2]0812[1]0309[2]0412[1]0310[2]0613[1]0209[2]0108[1]0713[2]0311[1]0513[2]0110[1]1806[2]1509[1]1410[2]0208[1]0207[2]0306[1]0305[2]0210[1]0109[2]0009[1]0211[2]0204[1]0303[2]0302[1]0401[2]0500[1]0400[2]0301[1]1402[2]1301[1]1200[2]0205[1]0206[2]0813[1]0912[2]1013[1]1112[2]1113[1]1012[2]0913[1]1212[2]1213W
[1]0909[2]1010[1]1009[2]1008[1]1109[2]0809[1]0908[2]1209[1]1110[2]1211[1]1310[2]0807[1]0708[2]1210[1]1212[2]0808[1]0810[2]0910[1]1208[2]1108[1]0806[2]1111[1]0907[2]0906[1]1007[2]1006[1]0805[2]1309[1]1012[2]0706[1]1408[2]1011[1]0911[2]1112[1]1213[2]1113[1]1311[2]0709[1]1114[2]1312[1]1107[2]1207[1]1308[2]1508[1]0707[2]1409[1]1509[2]1410[1]1106[2]1608[1]0710[2]1205[1]1013[2]0811[1]1411[2]1307[1]1306[2]1206[1]1204[2]1407[1]1507[2]0912[1]1105[2]1104[1]1005[2]0905[1]1203[2]1510[1]1609[2]1610[1]1710[2]1014[1]1511[2]1611[1]1712[2]1412[1]1607[2]1708[1]1808[2]1709[1]1707[2]1807[1]1313[2]1606[1]1706[2]1214[1]1004[2]0904[1]0903[2]0802[1]1115[2]1103[1]1003[2]1002[1]0803[2]0804[1]0703[2]0603[1]0705[2]0604[1]0704[2]0702[1]0902[2]0605[1]0504[2]0602[1]0606[2]0601W
[1]0909[2]1009[1]1110[2]1010[1]1109[2]1210[1]1111[2]1108[1]1112[2]1113[1]1008[2]1211[1]0910[2]1011[1]1012[2]0911[1]1310[2]1209[1]1212[2]1208[1]1312[2]1207W
[1]0909[2]0810[1]0811[2]0910[1]0911[2]0912[1]1011[2]0711[1]1111[2]1211[1]0809[2]1010[1]1110[2]0710[1]0610[2]1012[1]1009[2]1109[1]0709[2]0609[1]1112[2]1113[1]1013[2]0808[1]1212[2]0908[1]0611[2]1008[1]1108[2]0708[1]0608[2]0509[1]0907[2]1007[1]0807[2]0712[1]0812[2]0612[1]0713[2]0513[1]0614[2]0414W
[1]0909[2]0910[1]1011[2]1010[1]1009[2]1008[1]1109[2]0809[1]1209[2]1309[1]0908[2]1110[1]0810[2]1210[1]1310[2]1108[1]1111[2]0911[1]1007[2]0808[1]0708[2]0709[1]1208[2]1112[1]1211[2]1311[1]1107[2]0907[1]0610[2]1006[1]1105[2]1106[1]1012[2]1206[1]0906[2]1306[1]1406[2]1307[1]1505[2]1308[1]1305[2]1405[1]1205[2]1207[1]1005[2]1504W
[1]0909[2]0910[1]0810[2]0809[1]0811[2]0710[1]0709[2]0808[1]0908[2]1009[1]0708[2]1008[1]0907[2]0906[1]0807[2]0711[1]0610[2]0609[1]1108[2]1007[1]1006[2]1010[1]1011[2]0911[1]1109[2]1208[1]1107[2]1110[1]1106[2]1210[1]1105B
[1]0909[2]1010[1]1011[2]0910[1]1009[2]0908[1]0809[2]1109[1]0709[2]0609[1]1110[2]0810[1]0710[2]0808[1]0911[2]0811[1]1008[2]1111[1]0708[2]0711[1]0707[2]0706[1]0807[2]0608[1]0610[2]1012[1]0509[2]0510[1]1210[2]1108[1]0712[2]0611[1]0511[2]0412[1]0912[2]0813[1]1209[2]0812[1]1308B
[1]0909[2]0808[1]0809[2]0910[1]0811[2]0810[1]0911[2]0912[1]0709[2]1009[1]0609[2]0509[1]0908[2]0710[1]1010[2]0610[1]0510[2]0708[1]0711[2]0611[1]1011[2]1111[1]0807[2]0812[1]0707[2]0608[1]0508[2]0706[1]0607[2]0507[1]0907[2]1007[1]0906[2]0905[1]0805[2]0806[1]1008[2]1012[1]1112[2]0712[1]0612[2]1109[1]0913[2]0606[1]0506[2]0511[1]1110[2]0407[1]1108[2]1208[1]0813[2]0914[1]0705[2]1107[1]1006[2]1309[1]1209[2]1210[1]1308[2]1408W
[1]0909[2]0908[1]1009[2]0910[1]0809[2]1109[1]0709[2]0609[1]1008[2]0810[1]0911[2]0808[1]0907[2]1010[1]1110[2]0710[1]0610[2]1011[1]0811[2]0708[1]0608[2]0812[1]0807[2]0711[1]1111[2]1007[1]1108[2]1209[1]0611[2]1107[1]1208[2]1308[1]1210[2]1211[1]1112[2]1113[1]1212[2]1012[1]1013[2]0912[1]0712[2]0612[1]0513[2]0511[1]0913[2]1014[1]1106[2]1207[1]1307[2]1206[1]0510[2]0813[1]0409[2]0714[1]0308B
[1]0909[2]0810[1]0709[2]0809[1]0710[2]0610[1]0910[2]0609[1]0711[2]0712[1]0708[2]0707[1]0509[2]0608[1]0607[2]0611[1]0612[2]0808[1]0811[2]0807[1]0806[2]0508[1]0908[2]0911[1]0907[2]0906[1]0510[2]1009[1]0507[2]1008[1]0812[2]0706[1]1108[2]1007[1]1006[2]1010[1]1011[2]0912[1]1109[2]1209[1]1110[2]1111[1]1107[2]1106[1]1012[2]1208[1]1309[2]1210[1]1211[2]1207[1]1206[2]1112[1]1308[2]0606[1]0505[2]0506[1]0406[2]0407[1]0306[2]0405[1]0605[2]1105[1]1005[2]0905[1]0805[2]0705[1]0704[2]0604[1]0813[2]0814[1]1310[2]1307[1]1311[2]1312[1]1212[2]0913[1]0914[2]0713[1]1013[2]1014[1]0714[2]1113[1]1114[2]1409[1]1213[2]1214[1]0504[2]1410[1]1205[2]0804[1]0903[2]0904[1]1004[2]1003[1]1408[2]1104[1]1103[2]0511[1]1510[2]1411[1]1412[2]1313[1]1115[2]1015[1]0915[2]0815[1]0613[2]0513[1]0512[2]0411[1]0311[2]0410[1]0412[2]0312[1]1314[2]1215[1]1116[2]1117[1]1413[2]1016[1]1017[2]1407[1]1507[2]1606[1]0916[2]0917[1]1306[2]1305[1]1406[2]1506[1]1204[2]1203[1]0408[2]0307[1]0816[2]0409[1]0308[2]1512[1]0310[2]0309[1]0208[2]0108[1]1511[2]0207[1]0107[2]0209[1]0109[2]0210[1]0008[2]0817[1]1605[2]0007[1]0413[2]0211[1]0212[2]0313[1]0110[2]0009[1]0918[2]1304[1]1405[2]1102[1]1001[2]1201[1]1300[2]1505[1]1202[2]1301[1]1302[2]1303[1]1404[2]1403[1]1503[2]1504[1]1402[2]1502[1]1601[2]1002[1]1101[2]1401[1]1501[2]1602[1]1603[2]1604[1]1400[2]1500[1]0106[2]0206[1]0006[2]1216[1]1217[2]1702[1]1802[2]0010[1]1703[2]1803[1]1315[2]1414[1]0111[2]0112[1]0213[2]1704[1]1804[2]1611[1]1705[2]1018[1]0902[2]0803[1]1100[2]1200[1]1000[2]0901[1]0703[2]0603[1]1316[2]1317[1]0802[2]0701[1]0702[2]0602[1]0601[2]1415[1]0503[2]0502[1]1118[2]0801[1]0800[2]0900[1]0700[2]0404[1]0305[2]0204[1]0205[2]0203[1]0304[2]0102[1]0403[2]0303[1]0302[2]0201[1]0202[2]0200[1]0101[2]0402[1]0501[2]0105[1]0004[2]0005[1]0104[2]0003[1]0103[2]0300[1]0301[2]0401[1]0400B
[1]0909[2]0809[1]0910[2]0810[1]0709[2]1009[1]0710[2]0808[1]0811[2]0807[1]0806[2]0711[1]0908[2]0907[1]0911[2]0912[1]0708[2]0707[1]0607[2]1007[1]1107[2]0608[1]1008[2]1206[1]0906[2]0609[1]1006[2]1106[1]0706[2]0606[1]0505[2]0805[1]1105[2]1010[1]0507[2]0905[1]1207[2]1108[1]1109[2]1005[1]0705[2]0605[1]0904[2]0506[1]0812[2]1208[1]0509[2]0508[1]0804[2]0610[1]0611[2]0712[1]1110[2]1011[1]1012[2]1004[1]0407[2]0307[1]0612[2]0408[1]0308[2]0406[1]0306[2]0913[1]0813[2]0814[1]1307[2]1407[1]1104[2]0713[1]0714[2]0511[1]0510[2]0409[1]1306[2]1205[1]1304[2]1305[1]1303[2]1204[1]1402[2]1203[1]1202[2]1403[1]1103[2]1102[1]1302[2]1301[1]1502[2]1602[1]1013[2]1003[1]1002[2]0903[1]1101[2]1404[1]1000[2]1503W
[1]0909[2]0908[1]0907[2]1008[1]1009[2]0808[1]0708[2]1108[1]1208[2]0910[1]0809[2]1109[1]0709[2]0609[1]1007[2]0810[1]0811[2]0710[1]0610[2]1010[1]1110[2]0807[1]0911[2]1107[1]1106[2]1006[1]1207[2]1206[1]1305[2]0812[1]0711[2]1011[1]0611[2]0511[1]0510[2]0712[1]1209[2]1210[1]1311[2]1308[1]1111[2]1211[1]0813[2]0912[1]0612[2]1012[1]0613[2]1112W
[1]0909[2]0809[1]0708[2]0808[1]0908[2]0807[1]0806[2]0810[1]0811[2]1009[1]0709[2]1008[1]0910[2]0907[1]0911[2]0912[1]0710[2]0707[1]0711[2]1007[1]0712B
[1]0909[2]1008[1]1007[2]0908[1]1009[2]1010[1]0907[2]0906[1]0807[2]0707[1]1107[2]1207[1]0806[2]1006[1]1108[2]0808[1]0708[2]1106[1]1206[2]0910[1]1005[2]1105[1]0809[2]0709[1]1109[2]1209[1]1110[2]1111[1]1011[2]1208[1]1210[2]0810[1]0710[2]0706[1]0911[2]0609[1]1308[2]1012[1]0608[2]1309[1]1310[2]1410[1]1511[2]1211[1]1112[2]0912[1]0811[2]0711[1]0610[2]0611[1]1409[2]1408[1]1307[2]0905[1]0805[2]0804[1]0703[2]1311[1]1411[2]1510[1]1212[2]0812[1]0712[2]1306[1]1509[2]1508[1]1407[2]1113[1]0913[2]1013[1]1205[2]1305[1]0813[2]0509[1]0409[2]1610[1]1710[2]0713[1]1609[2]1709[1]0510[2]0410[1]0612[2]0511[1]0411[2]0814[1]1312[2]1412[1]1611[2]1711[1]1608[2]1213[1]1313[2]1512[1]1114[2]0607[1]0606[2]0705[1]0704[2]0613[1]0512[2]0412[1]0508[2]0408[1]0714[2]0507[1]0407[2]1708[1]0914[2]1015[1]1014[2]1016[1]1214[2]0915[1]1314B
[1]0909[2]1010[1]0910[2]0810[1]0911[2]0912[1]0908[2]0907[1]0811[2]1009[1]1110[2]0809[1]0808[2]1011[1]1012[2]1008[1]1007[2]0807[1]1109[2]1108[1]0708[2]0608[1]0709[2]1209[1]0906[2]0812[1]0813[2]0707[1]0607[2]1210[1]1111[2]1112[1]0806[2]0805[1]0706[2]0606[1]1006[2]1106[1]1107[2]0905[1]1208[2]1309[1]1310[2]1211[1]1212[2]1311[1]0705[2]0605[1]0710[2]0711[1]1308[2]0609[1]1410[2]1207[1]1306[2]1409[1]1509[2]1307[1]1408[2]1508[1]1206[2]1407[1]1507[2]1510[1]1005[2]1004[1]0904[2]1105[1]1312[2]1411[1]1511[2]1305[1]1406[2]1506[1]1205[2]1104[1]1103[2]1608[1]1609[2]1610[1]1204[2]1203[1]1607[2]0712[1]0612[2]0610[1]0509[2]0611[1]0913[2]0814[1]0510[2]0508[1]0507[2]1213[1]1314[2]1313[1]1412[2]1512[1]1611[2]1413[1]1113[2]1513[1]1013[2]1613W
[1]0909[2]0808[1]0908[2]0809[1]0708[2]0807[1]0810[2]0806[1]0805[2]1009[1]0707[2]0608[1]0907[2]0910[1]0906[2]0905[1]0709[2]0706[1]0710[2]0711[1]1010[2]1007[1]1008[2]1107[1]1006[2]0609[1]1108[2]1208[1]0705[2]1109[1]1209[2]0911[1]0811[2]1005[1]1106[2]1206[1]1207[2]1308[1]1307[2]1105[1]1205[2]1306[1]1004[2]0904[1]0610[2]0510[1]0509[2]0606[1]0607[2]0605[1]0506[2]0504[1]0405[2]0403W
[1]0909[2]0908[1]1008[2]1009[1]0809[2]0910[1]1010[2]0808[1]0907[2]1109[1]1110[2]1007[1]1108[2]0810[1]0811[2]1011[1]0911[2]1107[1]1106[2]1209[1]1309[2]1111[1]1208[2]1308[1]1210[2]1310[1]1207[2]1006[1]0807[2]0708[1]0608[2]0707[1]0709[2]0609[1]1409[2]0710[1]0610[2]0711[1]1211[2]1307[1]0906[2]0806[1]0611[2]1311[1]1408[2]1507[1]1407[2]1410[1]1406[2]1405[1]1411[2]1306[1]1305[2]1508[1]1206[2]1205[1]0706[2]1005[1]1004[2]1105[1]0905[2]0904[1]1104[2]0805[1]1112[2]0509[1]1509[2]1609[1]1608[2]1510[1]1610[2]1711[1]1710[2]1709[1]1708[2]1012[1]0705[2]0510[1]0411[2]0511[1]0508[2]0512[1]0513[2]0607[1]0410[2]0912[1]0612[2]0613[1]1810[2]1809[1]1204[2]1103[1]1304[2]1404[1]0812[2]0713[1]0712[2]0714[1]0813[2]0815[1]0814[2]0916W
[1]0909[2]0910[1]1009[2]1010[1]0911[2]0810[1]1110[2]0710[1]0610[2]1008[1]0809[2]0709[1]1109[2]1209[1]0811[2]0908[1]0808[2]1011[1]1007[2]1108[1]1208[2]0812[1]0711[2]0611[1]1107[2]1207[1]0912[2]1210[1]1111[2]1112[1]1213[2]1012[1]1013[2]1114[1]1113[2]0913[1]1313[2]1413[1]0609[2]1212[1]1211[2]1312[1]1412[2]0708[1]0707[2]0606[1]1311[2]1411[1]1310[2]1512[1]1014[2]1214[1]0907[2]0807[1]0712[2]1006[1]0813[2]0914[1]0906[2]0806[1]0706[2]0509[1]0608[2]0607[1]0508[2]1106[1]1215[2]1314[1]1414[2]1611[1]1710[2]1410[1]1511[2]1610[1]1510[2]0507[1]0506[2]1309[1]1308[2]1409[1]1509[2]1408[1]1508[2]1407W
[1]0909[2]0910[1]0809[2]0908[1]1009[2]1109[1]0709[2]0609[1]1008[2]0808[1]1010[2]1007[1]1011[2]1012[1]0907[2]1110[1]1210[2]0810[1]0911[2]1111[1]1108[2]1112[1]1113[2]0710[1]0610[2]0708[1]0608[2]0912[1]0811[2]1013[1]0711[2]1212[1]0611B
[1]0909[2]0810[1]0710[2]0809[1]0910[2]0811[1]0808[2]0812[1]0813[2]1010[1]0911[2]0912[1]0908[2]0907[1]0711[2]1009[1]0712[2]0713[1]0709[2]0708[1]1011[2]0610[1]1008[2]1108[1]1109[2]0611[1]1007[2]0612[1]0609[2]0613[1]0614[2]0807[1]0511[2]1110[1]0512[2]0513[1]0413[2]0412[1]0906[2]0514[1]0510[2]0509[1]0806[2]0411[1]1111[2]1211[1]1312[2]1012[1]1112[2]1213[1]0913[2]1212[1]1210[2]1214[1]1311[2]1215W
[1]0909[2]1009[1]1008[2]0908[1]1007[2]1108[1]1109[2]1010[1]1110[2]1107[1]1208[2]1209[1]1207[2]0907[1]0807[2]1106[1]1105[2]1006[1]0910[2]1206[1]0906[2]1306[1]1406[2]1307[1]1505[2]1210[1]1205[2]1005[1]1407[2]1308[1]1309[2]1305[1]1304[2]1404[1]1503[2]1506[1]1405[2]1408[1]1509[2]1204[1]1104[2]1504[1]1605[2]1705[1]0905[2]0806[1]0808[2]1604[1]1704[2]0809[1]1111[2]1112[1]1011[2]1004[1]1003[2]0902[1]1606[2]1507[1]0903[2]0904[1]0803[2]1103[1]0703[2]1002[1]0603B
[1]0909[2]0809[1]0810[2]0910[1]0709[2]0710[1]0811[2]0711[1]0611[2]0610[1]0609[2]0708[1]0607[2]1011[1]1112[2]0608[1]0808[2]0712[1]0713[2]0911[1]1010[2]0707[1]1111[2]1212[1]0812[2]0813[1]0912[2]1012[1]0509[2]0409[1]0508[2]0510[1]0410[2]0511[1]0612[2]1211[1]0411[2]0512[1]0513[2]0613[1]0913[2]1013[1]1014[2]1115[1]1113[2]1114[1]1110[2]1109[1]1210[2]1310[1]1311[2]1009[1]1015[2]0914[1]1213[2]0908[1]1007[2]0507[1]1008[2]1107[1]0807[2]0907[1]1108[2]1209[1]1309[2]1408[1]1208[2]1308[1]1409[2]1410[1]1214[2]0814[1]0714[2]0614[1]0715[2]0716[1]0815[2]0617[1]0915[2]0615[1]0816[2]0616W
[1]0909[2]0809[1]0908[2]0808[1]0709[2]1009[1]0708[2]0609[1]0710[2]0711[1]0707[2]0706[1]0807[2]0810[1]0811[2]0608[1]0910[2]0907[1]0911[2]0912[1]0508[2]1010[1]1011[2]1111[1]1110[2]0607[1]0606[2]0610[1]0611[2]1008[1]1007[2]0812[1]0509[2]0913[1]1014[2]0906[1]1109[2]1012[1]1112[2]0712[1]1213[2]0612W
[1]0909[2]0808[1]0707[2]0608[1]0709[2]0809[1]0708[2]0710[1]0706[2]0705[1]0609[2]0807[1]0810[2]0806[1]0805[2]0607[1]0907[2]0910[1]0908[2]0906[1]0606[2]1008[1]0507[2]1009[1]1109[2]0610[1]0611[2]1007[1]1010[2]1006[1]1005[2]1106[1]1206[2]1110[1]1107[2]0905[1]1108[2]1208[1]1105[2]1207[1]1307[2]1004[1]1408[2]1103[1]1509B
[1]0909[2]1009[1]1110[2]1010[1]0910[2]1011[1]1008[2]1012[1]1013[2]1109[1]1111[2]1112[1]0911[2]0908[1]0912[2]0913[1]1108[2]0811[1]0812[2]0810[1]1113[2]1212[1]1312[2]1211[1]0710[2]0809[1]0808[2]1213[1]1210[2]1314[1]1415[2]1214[1]1215[2]1114[1]1316[2]1014[1]1414[2]0914W
[1]0909[2]0809[1]0910[2]1010[1]1110[2]1009[1]0908[2]0907[1]0911[2]0912[1]1008[2]1011[1]1012[2]0810[1]0710[2]0811[1]0812[2]0808[1]0807[2]1007[1]0709[2]0708[1]1108[2]1208[1]1109[2]1111[1]1107[2]1106[1]1206[2]1305[1]1006[2]1207[1]0707[2]1209[1]1210[2]1311[1]1211[2]1411[1]1310[2]1410[1]1309[2]1409[1]1308[2]1510[1]1307[2]1412[1]1306B
[1]0909[2]0910[1]0911[2]1010[1]1011[2]0912[1]0811[2]1111[1]0711[2]0611[1]1009[2]0810[1]0710[2]1110[1]1210[2]0812[1]1012[2]0712[1]0612[2]0610[1]0813[2]1008[1]1109[2]0809[1]1209[2]1309[1]0709[2]0708[1]0607[2]1108[1]0510[2]0609[1]0608[2]1208[1]0908[2]1308[1]1408[2]0808[1]0807[2]0706[1]1107[2]0707[1]0705[2]0509[1]1207[2]1007[1]0907[2]0906[1]0805[2]0806[1]0606[2]1006[1]0605[2]1106W
[1]0909[2]1009[1]1008[2]0908[1]0807[2]0907[1]0808[2]0707[1]0806[2]0809[1]0805[2]0804[1]0910[2]0906[1]0905[2]0706[1]1007[2]1006[1]0606[2]0705[1]0704[2]0708[1]0709[2]0810[1]0607[2]1108[1]0710[2]0610[1]1005[2]1105[1]1204[2]0904[1]1107[2]1206[1]1106[2]1306[1]1207[2]1405[1]1307[2]1407[1]1308[2]1409[1]1408[2]1410[1]1406[2]1208[1]1309[2]1310[1]1109[2]1010[1]1209[2]1210[1]1110[2]1510[1]1011[2]1610W
[1]0909[2]0810[1]0710[2]0809[1]0709[2]0808[1]0811[2]0807[1]0806[2]0609[1]0708[2]0711[1]0707[2]0706[1]0908[2]0608[1]0610[2]0910[1]0607[2]0611[1]0612[2]0606[1]0510[2]0410[1]0509[2]0511[1]0411[2]0712[1]0907[2]0906[1]0508[2]0507[1]0705[2]1008[1]0604[2]0503[1]0512[2]0409[1]0506[2]0405[1]0404[2]0505[1]0504[2]0704[1]0304[2]0204[1]0605[2]0403[1]0406[2]0305[1]0205[2]0407[1]0408[2]0307[1]0207[2]0306[1]0308[2]0208[1]0309[2]0107[1]0206[2]0106[1]0805[2]0905[1]0105[2]0303[1]0603[2]0203[1]0602[2]0103W
[1]0909[2]1010[1]1111[2]1112[1]1011[2]0910[1]0911[2]0811[1]1211[2]1311[1]1009[2]1110[1]1210[2]0810[1]0710[2]1012[1]1109[2]0809[1]1209[2]0808[1]1309B
[1]0909[2]1008[1]1108[2]1009[1]1109[2]1010[1]1011[2]1007[1]1006[2]1208[1]0908[2]0809[1]0910[2]0911[1]0907[2]0906[1]1107[2]1110[1]1106[2]1105[1]1209[2]1207[1]1307[2]0808[1]1308[2]1206[1]1205[2]1408[1]0810[2]1306[1]0807[2]0806[1]1407[2]1506[1]1406[2]1606[1]1507[2]1607[1]1707[2]1508[1]1111[2]1210[1]1310[2]1309[1]1411[2]1512[1]1311[2]1211[1]1511[2]1312[1]1611[2]1413W
[1]0909[2]0908[1]1007[2]1008[1]1009[2]0910[1]0809[2]1109[1]0709[2]0609[1]1108[2]0810[1]1010[2]0808[1]0708[2]0710[1]0610[2]1107[1]0907[2]0906[1]0807[2]0707[1]0811[2]1006[1]0711[2]0608[1]1106[2]1207[1]1208[2]0712[1]0508[2]0911[1]0611[2]0511[1]1011[2]1012[1]1113[2]1110[1]0509[2]0408[1]0812[2]0913[1]0912[2]0914[1]1013[2]1114[1]0813[2]0814[1]0714[2]1014[1]0615B
[1]0909[2]1010[1]1111[2]1211[1]1110[2]1011[1]0910[2]1009[1]1008[2]1012[1]1013[2]1210[1]1109[2]1108[1]1112[2]1113[1]0911[2]0908[1]0912[2]0913[1]1212[2]0810[1]0809[2]0811[1]1209[2]1208[1]0711[2]0812[1]0813[2]0808[1]1014[2]0914[1]1007[2]0907[1]0807[2]1107[1]1207[2]0906[1]0905[2]1106[1]1105[2]1006[1]0806[2]0709[1]0610[2]1206[1]1306[2]1309[1]1410[2]0710[1]1310[2]1311[1]1005[2]1205[1]0805[2]0705[1]0804[2]0803[1]0708[2]0607[1]0606[2]0706[1]0707[2]1004[1]0608[2]0509[1]0609[2]0611[1]0510[2]0411[1]0712[2]0904[1]0903[2]1411[1]1511[2]0704[1]0703[2]0602[1]1312[2]1412[1]1513[2]1213[1]0605[2]0511[1]0311[2]0410[1]0512[2]0612[1]0713[2]0309[1]0714[2]0208W
[1]0909[2]0808[1]0908[2]0809[1]0709[2]0810[1]0807[2]0811[1]0812[2]1009[1]0910[2]0911[1]0907[2]0906[1]0710[2]1008[1]0708[2]0711[1]0707[2]0611[1]0706B
[1]0909[2]1009[1]1008[2]0908[1]0809[2]0808[1]0807[2]0907[1]1007[2]1107[1]1006[2]1005[1]1108[2]0906[1]0905[2]0810[1]0806[2]0910[1]0811[2]0706[1]0911[2]1106[1]1010[2]1109[1]1208[2]1308[1]1207[2]1409[1]0709[2]0609[1]1105[2]0708[1]0608[2]0707[1]0509[2]0705[1]0704[2]0710[1]0610[2]0805[1]0606[2]0605[1]0505[2]0506[1]0607[2]0507[1]1206[2]1209[1]1205[2]1309W
[1]0909[2]0809[1]0710[2]0810[1]0910[2]0811[1]0812[2]0808[1]0807[2]1010[1]0911[2]0908[1]0912[2]0913[1]0709[2]1011[1]0711[2]0712[1]0708[2]0707[1]1111[2]0610[1]1012[2]1112[1]0611[2]0609[1]1013[2]0813[1]0814[2]0608[1]0607[2]0713[1]0613[2]0612[1]0509[2]1113[1]1212[2]0510[1]0511[2]0411[1]0312[2]0512[1]0412[2]0513[1]1014[2]1015[1]0914[2]1116[1]1114[2]0714[1]1214B
[1]0909[2]0808[1]0708[2]0809[1]0709[2]0609[1]0710[2]0707[1]0711[2]0712[1]0908[2]0810[1]0811[2]0807[1]0806[2]0610[1]0509[2]0608[1]0607[2]0611[1]0612[2]0706[1]0510[2]0410[1]0511[2]0508[1]0512[2]0513[1]0907[2]0906[1]0910[2]0911[1]0812[2]0411[1]0613[2]1009[1]0412[2]0312[1]0311[2]0713[1]1010[2]1008[1]0507[2]0408[1]0409[2]0407[1]0308[2]0306[1]0207[2]0205W
[1]0909[2]0910[1]0810[2]0809[1]0709[2]0710[1]0811[2]0911[1]1011[2]0808[1]0708[2]0609[1]0610[2]0711[1]0812[2]0813[1]1010[2]0912[1]0913[2]1111[1]1012[2]1013[1]1009[2]1008[1]0908[2]1110[1]0907[2]0906[1]1007[2]0807[1]0806[2]1112[1]1113[2]1109[1]1108[2]1107[1]1211[2]0608[1]0707[2]0706[1]1210[2]0607[1]0606[2]0712[1]0713[2]1311[1]0508[2]0507[1]0611[2]0511[1]0612[2]0613[1]1212[2]1213[1]1209[2]1208[1]1310[2]1411[1]1312[2]1309[1]1410[2]1006[1]1510[2]0905W
[1]0909[2]0809[1]0709[2]0808[1]0908[2]1008[1]0708[2]0807[1]0806[2]0810[1]0811[2]0609[1]0710[2]0707[1]0711[2]0712[1]0907[2]0910[1]0906[2]0905[1]1009[2]1007[1]1108[2]0610[1]1006[2]0706[1]1106[2]1206[1]1107[2]1109[1]1105[2]1104[1]1204[2]1303[1]0607[2]1005[1]1004[2]1205[1]0606[2]0608[1]0611[2]0511[1]0911[2]1011[1]1112[2]1207[1]1208[2]1309[1]1306[2]1010[1]1110[2]1211[1]1210[2]1209[1]1409[2]1111[1]1311[2]1310[1]0509[2]0812[1]1308[2]1408[1]0510[2]1307[1]1509[2]1410[1]0713[2]0612[1]0512[2]0912[1]0413[2]1012W
[1]0909[2]0910[1]1009[2]0908[1]0809[2]0709[1]1109[2]1209[1]0808[2]1008[1]1108[2]1010[1]1007[2]1107[1]0810[2]0807[1]0811[2]0812[1]0907[2]0710[1]0911[2]0711[1]0712[2]0708[1]0707[2]0606[1]0609[2]0906[1]1005[2]1006[1]0610[2]1110[1]1210[2]1208[1]1309[2]0905[1]0804[2]0608[1]1011[2]1111[1]0806[2]0912[1]0607[2]0706[1]0605[2]0705[1]0805[2]0803[1]1106[2]0704[1]0703[2]0904[1]0903[2]1105[1]1004[2]1003[1]0913[2]1012[1]1112[2]0604[1]1104[2]1013[1]1211[2]1310[1]0603[2]1103[1]0813[2]0713[1]0505[2]0504[1]0404[2]0506[1]0406[2]0405[1]0507[2]0407[1]0306[2]0508[1]0408[2]0305[1]1308[2]1207[1]1409[2]1206[1]1205[2]1305[1]1304[2]1404W
[1]0909[2]1008[1]1108[2]1009[1]0908[2]0808[1]0907[2]0906[1]0910[2]0911[1]1007[2]0809[1]0709[2]0810[1]0807[2]0811[1]1107[2]0812W
[1]0909[2]0908[1]1007[2]1008[1]0907[2]0808[1]1108[2]0708[1]0608[2]1009[1]0809[2]0709[1]0807[2]1107[1]0707[2]0607[1]1109[2]0806[1]0609[2]0906[1]0905[2]1006[1]0706[2]1106[1]1206[2]0805[1]1005[2]0710[1]0711[2]0810[1]0811[2]0910[1]0610[2]1010[1]0611[2]1110W
[1]0909[2]1010[1]1111[2]1110[1]1011[2]1112[1]1009[2]0910[1]1210[2]0810[1]0710[2]1211[1]0911[2]0811[1]0809[2]0709[1]1109[2]1209[1]1212[2]1008[1]1108[2]0908[1]0808[2]1012[1]0711[2]0912[1]0812[2]0611[1]1013[2]0913[1]0907[2]1113[1]1310[2]1311[1]1213[2]1309[1]1410[2]1510[1]1411[2]1312[1]1413[2]1412[1]1414[2]1313[1]1515[2]1314[1]1315[2]1415[1]1214[2]1215[1]1007[2]1114[1]1115[2]1514[1]1014[2]1216[1]1316[2]1416[1]1409[2]1408[1]1308[2]1208[1]0813[2]0914[1]0915[2]0712[1]0613[2]1015[1]1116[2]0713[1]0814[2]0815[1]0612[2]0714[1]0715[2]1016[1]0916[2]0816[1]0610[2]0509[1]0917[2]0918[1]0608[2]0609[1]0409[2]1017[1]1018[2]0708[1]0510[2]0410[1]1117[2]1118[1]0511[2]1217[1]1218[2]0512[1]1317[2]1318[1]0716[2]0817[1]0818[2]1512[1]1513[2]1511[1]1612[2]1610[1]1711B
[1]0909[2]1009[1]0908[2]1008[1]1109[2]1010[1]1007[2]1011[1]1012[2]0809[1]0910[2]0911[1]0907[2]0906[1]1110[2]0808[1]1108[2]1111[1]1107[2]0811[1]1106B
[1]0909[2]0810[1]0911[2]0910[1]0809[2]0808[1]0811[2]1010[1]1110[2]0710[1]0610[2]0711[1]0709[2]1009[1]0609[2]0509[1]1011[2]1111[1]1109[2]0708[1]0707[2]0912[1]0608[2]0607[1]0611[2]0612[1]0513[2]0510[1]1012[2]0508[1]0511[2]0507[1]0412[2]0506W
[1]0909[2]1009[1]1109[2]1010[1]0910[2]0809[1]1110[2]1011[1]1008[2]1012[1]1013[2]0810[1]0911[2]0912[1]0908[2]0907[1]1111[2]1108[1]1112[2]1113[1]0811[2]1211[1]1212[2]1210[1]0913[2]0812[1]0712[2]0613[1]0808[2]0708[1]0709[2]1014[1]1007[2]1209[1]1208[2]1107[1]1310[2]0711[1]0710[2]0611[1]0612[2]1309[1]1308[2]1213[1]1114[2]0807[1]1311[2]0610[1]0509[2]0609[1]0510[2]0906[1]1005[2]0608[1]1006[2]0607W
[1]0909[2]1010[1]1009[2]0910[1]1011[2]0908[1]0911[2]1110[1]0810[2]1210[1]1310[2]1012[1]1111[2]0811[1]1211[2]1311[1]1109[2]1209[1]0809[2]0709[1]0710[2]1112[1]0912[2]1008[1]1212[2]1312[1]1108[2]0808[1]0708[2]1208[1]1207[2]1306[1]1309[2]1107[1]0907[2]1410[1]1007[2]0812[1]1411[2]0711[1]0712[2]1106[1]1206[2]0609[1]0610[2]0510[1]1006[2]0906[1]0807[2]0707[1]0608[2]0611[1]0511[2]0607[1]0806[2]0813[1]0814[2]0706[1]0606[2]1307[1]1308[2]1409[1]0913[2]0914[1]1013[2]0905[1]1005[2]1004[1]0805[2]0804[1]0904[2]1105[1]1104[2]0705[1]0704[2]0507[1]0407[2]1408[1]1407[2]0612[1]0713[2]1014[1]0508[2]0408[1]0509[2]0613[1]0614[2]0714[1]1113[2]1213[1]1205[2]1204[1]0512[2]0513[1]0414[2]0803[1]1509[2]0411[1]0312[2]0412[1]0903[2]0413[1]0313[2]0410[1]0409[2]1003[1]0514[2]0314[1]0311[2]0310[1]0210[2]0212[1]0309[2]0209[1]0108[2]0515[1]1103[2]0211[1]0902[2]0901[1]0308[2]0208[1]1002[2]1102[1]0915[2]1016[1]1015[2]1114[1]1214[2]1313[1]1314[2]0615[1]0516[2]0415[1]0715[2]0315[1]0815[2]0215W
[1]0909[2]0809[1]0808[2]0908[1]0710[2]0709[1]0810[2]0910[1]1009[2]0811[1]0911[2]1010[1]1011[2]1012[1]1111[2]1211[1]0708[2]1110[1]1210[2]0707[1]0912[2]1112[1]0608[2]0508[1]1109[2]1209[1]1310[2]0609[1]0509[2]1008[1]1108[2]0812[1]0807[2]1311[1]1212[2]0711[1]0712[2]1208[1]0610[2]0510[1]1312[2]0611[1]0511[2]0813[1]0814[2]0913[1]1014[2]0607[1]1013[2]0914[1]0713[2]0612[1]0915[2]1113[1]0816[2]0717[1]1016[2]1117[1]1015[2]1017[1]1107[2]1106[1]1007[2]1205[1]0907[2]1207[1]1206[2]0916[1]1308[2]1114[1]1115[2]0815[1]1215[2]0714[1]1315B
[1]0909[2]0910[1]0809[2]0908[1]1009[2]0709[1]1109[2]1209[1]0810[2]1008[1]0907[2]0808[1]0708[2]1108[1]1208[2]1010[1]1007[2]1006[1]1107[2]1207[1]0807[2]0707[1]0911[2]0906[1]1011[2]1110[1]1210[2]1111[1]0608[2]0912[1]1005[2]1106[1]1206[2]0806[1]0706[2]0607[1]0905[2]1105[1]1205[2]1012[1]0805[2]0705[1]0606[2]0904[1]0804[2]0704[1]1308[2]1309[1]0811[2]0711[1]0812[2]0813[1]0913[2]1307[1]1306[2]0710[1]0712[2]1305[1]0610[2]0609[1]1310[2]0507[1]0407[2]1004[1]0508[2]0408[1]1408[2]1508[1]1104[2]1407[1]1003[2]1507[1]0902B
[1]0909[2]0808[1]0809[2]0810[1]0709[2]0609[1]1009[2]1109[1]0710[2]0910[1]0708[2]0711[1]0707[2]0706[1]0811[2]0608[1]0508[2]0908[1]0807[2]0607[1]0610[2]0606[1]0605[2]1008[1]1108[2]0611[1]0507[2]0408[1]0907[2]1007[1]0509[2]0510[1]0506[2]0505[1]1010[2]0806[1]0906[2]1005[1]1006[2]1004[1]0905[2]0904[1]0805[2]1003[1]0705[2]1002[1]1001[2]0804[1]1104[2]0704[1]0604[2]0407[1]0903[2]0911[1]1103[2]1204[1]0803[2]0902[1]1105[2]1106[1]1102[2]1205[1]1101B
[1]0909[2]0808[1]0708[2]0809[1]0908[2]1009[1]0910[2]0911[1]0907[2]0906[1]1010[2]1008[1]0810[2]1110[1]0710[2]0610[1]0709[2]0711[1]0707[2]0706[1]1109[2]0807[1]0806[2]0811[1]1011[2]0611[1]0511[2]0609[1]0612[2]0608[1]0607[2]0606[1]0712[2]0512[1]0812[2]0912[1]0509[2]0713[1]0510[2]0508[1]0507[2]0407[1]0306[2]0410[1]0605[2]0506[1]0406[2]0813[1]1007[2]0705[1]0805[2]1108[1]0814[2]0411[1]1107[2]1207[1]1306[2]1006[1]0408[2]0307[1]0311[2]0409[1]0412[2]1111[1]1012[2]1013[1]0913[2]1113[1]0715[2]1114[1]0616B
[1]0909[2]1008[1]1109[2]1009[1]0908[2]1010[1]1011[2]1007[1]1006[2]0809[1]1108[2]0808[1]0907[2]0906[1]0910[2]0911[1]0708[2]0807[1]0806[2]0810[1]0811[2]0905[1]0709[2]1208[1]1107[2]1106[1]1110[2]1111[1]1005[2]1209[1]0710[2]0707[1]0711[2]0712[1]1308[2]0610[1]1012[2]0609[1]0510[2]1207[1]1206[2]1210[1]1211[2]0912[1]1309[2]1112[1]0812[2]1105[1]0608[2]0611[1]0612[2]1310[1]1307[2]1306[1]1205[2]1408[1]0509[2]0511[1]1212[2]0409[1]1407[2]1409[1]1004[2]1003[1]0508[2]0408[1]0507[2]0506[1]0406[2]0305[1]0706[2]0607[1]0606[2]0705[1]0805[2]1104[1]1103[2]0407[1]0410[2]0311[1]0411[2]0211[1]0308[2]0904[1]0903[2]1406[1]0804[2]0803[1]0310[2]0210[1]0309[2]0307[1]0306[2]0209[1]0208[2]0212[1]0107[2]0213W
[1]0909[2]1009[1]0908[2]1008[1]1109[2]0808[1]1108[2]0809[1]0910[2]0911[1]0907[2]0906[1]1007[2]1010[1]1011[2]0807[1]0810[2]0806[1]0805[2]1006[1]0706[2]1106[1]1206[2]1107[1]0905[2]0811[1]0708[2]1208[1]1309[2]1209[1]0707[2]0709[1]0705[2]0704[1]0605[2]1005[1]0505B
[1]0909[2]0908[1]1008[2]1009[1]0808[2]0907[1]0807[2]0809[1]1007[2]0906[1]0905[2]1108[1]1006[2]1005[1]1109[2]1107[1]1208[2]1209[1]0910[2]1010[1]1110[2]1210[1]1310[2]1011[1]1012[2]0911[1]1111[2]1112[1]1309[2]1211[1]1212[2]1308[1]1207[2]1106[1]1105[2]1311[1]1312[2]1213[1]1314[2]1313[1]1214[2]1113[1]1013[2]1413[1]1513[2]1206[1]1412[2]1512[1]1414[2]1514[1]1114[2]1014[1]1411[2]1410[1]1511[2]1215[1]1205[2]1315[1]1307[2]1406[1]1306[2]1506[1]1407[2]1605[1]1104[2]1508[1]1003B
[1]0909[2]0908[1]0907[2]1008[1]1009[2]1010[1]1007[2]0910[1]1011[2]1108[1]0808[2]1208[1]1308[2]0809[1]1109[2]1209[1]1107[2]1207[1]0807[2]1206[1]0707B
[1]0909[2]1008[1]1107[2]0809[1]0908[2]1009[1]1108[2]1007[1]1010[2]1006[1]1005[2]1106[1]0907[2]0906[1]0910[2]1206[1]0911B
[1]0909[2]0908[1]1009[2]0910[1]0809[2]0709[1]1109[2]1209[1]0810[2]1010[1]1011[2]1110[1]1210[2]1008[1]0911[2]0811[1]1108[2]1012[1]1111[2]1211[1]0710[2]1208[1]0912[2]0812[1]0907[2]0808[1]0708[2]0807[1]1112[2]0711[1]0712[2]1007[1]1107[2]1106[1]1205[2]1006[1]1005[2]0813[1]0814[2]0713[1]0906[2]1104[1]1105[2]0905[1]1305[2]1405[1]0913[2]0914[1]0714[2]1206[1]1207[2]1306[1]1406[2]1204[1]1307[2]1407[1]1308[2]1506[1]0612[2]0611[1]0511[2]1013[1]0610[2]0510[1]0609[2]0613[1]0513[2]0512[1]0806[2]0608[1]0707[2]1309[1]1310[2]0715[1]0614[2]0514[1]0815[2]1004[1]0904[2]1304[1]1404[2]1203[1]1607[2]1102W
[1]0909[2]0910[1]0809[2]0908[1]1009[2]0709[1]1109[2]1209[1]0808[2]1010[1]0810[2]0807[1]0811[2]0812[1]0911[2]0710[1]0711[2]1008[1]1011[2]0611[1]1111B
[1]0909[2]0810[1]0911[2]1010[1]0910[2]0908[1]0912[2]0913[1]1009[2]0811[1]0809[2]0709[1]1109[2]1209[1]0710[2]1011[1]1110[2]1008[1]1012[2]0812[1]0813[2]0808[1]0708[2]1108[1]0607[2]1208W
[1]0909[2]0808[1]0907[2]0908[1]0809[2]0810[1]0807[2]0906[1]1007[2]1107[1]0707[2]0607[1]1006[2]1008[1]1108[2]0708[1]0608[2]0806[1]0709[2]1009[1]0609[2]0509[1]0910[2]0710[1]0905[2]0610[1]0510[2]0706[1]0606[2]1010[1]1011[2]1112[1]1109[2]1208[1]0711[2]0508[1]0805[2]0409[1]0310[2]0411[1]0408[2]0507[1]0506[2]0811[1]0911[2]0912[1]1013[2]1012[1]0812[2]1212[1]1312[2]0309[1]0209[2]0410[1]0412[2]1110[1]1211[2]1111[1]1311[2]1113[1]1114[2]1313[1]1414[2]1210[1]1309[2]0913[1]1310[2]0814W
[1]0909[2]0808[1]0707[2]0807[1]0907[2]0908[1]0708[2]0806[1]0809[2]0805[1]0804[2]0607[1]0706[2]0705[1]0709[2]0710[1]0609[2]1009[1]0509B
[1]0909[2]1008[1]0908[2]0809[1]0709[2]0808[1]0708[2]1009[1]0907[2]0910[1]0906[2]0905[1]0810[2]0807[1]0806[2]1007[1]1010[2]1006[1]1005[2]0707[1]1107[2]0608[1]1108[2]0609[1]1109[2]1106[1]1110[2]1111[1]1011[2]0911[1]0508[2]1208[1]0706[2]0606[1]0607[2]0505[1]0805[2]0404W
[1]0909[2]0908[1]0907[2]1008[1]1007[2]0906[1]0807[2]1107[1]0707[2]0607[1]1009[2]0808[1]0708[2]1108[1]1208[2]0806[1]0905[2]1006[1]1106[2]0706[1]0606[2]1207[1]0805[2]0910[1]0809[2]1109[1]0709[2]1110[1]0609B
[1]0909[2]1010[1]0911[2]0810[1]0910[2]0908[1]0912[2]0913[1]1009[2]1011[1]1012[2]0811[1]1111[2]1110[1]1109[2]0809[1]1209[2]0808[1]1309B
[1]0909[2]1009[1]0908[2]0808[1]0709[2]0809[1]0910[2]0907[1]0911[2]0912[1]0708[2]0810[1]0811[2]0807[1]0806[2]1010[1]1011[2]1111[1]0711[2]0611[1]0710[2]0712[1]0707B
[1]0909[2]1008[1]1009[2]0908[1]0907[2]1010[1]1007[2]1108[1]0808[2]1208[1]1308[2]0910[1]1109[2]1209[1]0809[2]0709[1]1107[2]0807[1]1207[2]1307[1]1309[2]1106[1]1110[2]1210[1]1211[2]1312[1]1311[2]1310[1]1411[2]1111[1]1511[2]1611[1]1011[2]1410[1]1510[2]1409[1]0810[2]0811[1]0911[2]1006[1]1206[2]1412[1]1212[2]1112[1]1012[2]1113[1]1114[2]0912[1]1213[2]1214[1]1013[2]1014[1]1313[2]0913[1]0812[2]0708[1]0608[2]0707[1]0710[2]0706[1]0705[2]0605[1]0504[2]0711[1]0607[2]1408[1]1407[2]1306[1]0606[2]0609[1]0906[2]0510[1]0411[2]0507[1]0610[2]0806[1]1509[2]1512[1]1508[2]1612[1]1507B
[1]0909[2]0810[1]0911[2]0910[1]0811[2]0912[1]0809[2]0710[1]0610[2]1010[1]1110[2]0812[1]1011[2]0711[1]1111[2]1211[1]0611[2]1012[1]0712[2]1112[1]1212[2]1210[1]0913[2]0808[1]1013[2]0612[1]0513[2]0914[1]0709[2]0609[1]1009[2]1109[1]0813[2]0713[1]1113[2]1213[1]0510[2]0409[1]0508[2]0908[1]0814[2]1014[1]0509[2]0511[1]0507[2]0410[1]0506B
[1]0909[2]0810[1]0811[2]0910[1]0911[2]1010[1]1110[2]0710[1]0610[2]1009[1]0809[2]0912[1]1011[2]1111[1]0711[2]0611[1]1109[2]0812[1]1012[2]0908[1]0813[2]0712[1]0612[2]0511[1]1008[2]1112[1]1211[2]1210[1]0510[2]0713[1]1212[2]1209[1]0613[2]0709[1]0512[2]0513[1]1108[2]1107[1]1309[2]1208[1]1207[2]0808[1]0913[2]1310[1]1308[2]1408[1]1013[2]1113[1]1014[2]1114[1]1015B
[1]0909[2]1010[1]0910[2]0810[1]0911[2]0908[1]0912[2]0913[1]0809[2]0811[1]0812[2]1011[1]1111[2]1012[1]1013[2]1009[1]1008[2]0808[1]1110[2]1211[1]1112[2]1109[1]1113[2]1114[1]0807[2]1212[1]0710[2]0907[1]1311[2]1210[1]1209[2]1213[1]1214[2]0708[1]0608[2]0709[1]1006[2]0610[1]0511[2]0611[1]0711[2]0712[1]1312[2]1313[1]0609[2]1107[1]1108[2]1007[1]1207[2]1208[1]1307[2]1308[1]1309[2]1310[1]1106[2]1206[1]0813[2]0707[1]0706[2]0713[1]0612[2]0914[1]0814[2]0815[1]1014[2]0714[1]0715[2]0607[1]0613[2]0512[1]1314[2]0614[1]0615[2]1410[1]1510[2]1411[1]1409[2]1509[1]0510[2]1408[1]1508[2]0509[1]1407[2]1507[1]0606[2]1306[1]1608[2]1609[1]1305[2]1406[1]1506[2]1607[1]1610[2]0915[1]0916[2]1405[1]1015[2]1016[1]0508[2]0407[1]0507[2]0307[1]0408[2]0206[1]0705[2]0309[1]0804B
[1]0909[2]0809[1]0910[2]1010[1]0911[2]0912[1]0908[2]0907[1]1011[2]1009[1]1110[2]0810[1]0811[2]1111[1]0711[2]0611[1]0710[2]0812[1]1109[2]1008[1]1007[2]1209[1]1108[2]1107[1]0712[2]0709[1]0713[2]0714[1]0613[2]0514[1]0813[2]0513[1]0913[2]1013[1]0808[2]0612[1]0512[2]1012[1]1112[2]1213[1]0614[2]0814[1]1113[2]1211[1]1212[2]1210[1]1309[2]1208[1]1207[2]1014[1]0914[2]1114[1]1015[2]1215[1]1116B
[1]0909[2]0808[1]0709[2]0809[1]0708[2]0810[1]0807[2]0811[1]0812[2]0908[1]0910[2]1010[1]0710[2]0707[1]0711[2]0712[1]0911[2]0912[1]1011[2]0610[1]1009[2]0609[1]0608[2]0611[1]0612[2]0607[1]0510[2]1008[1]1108[2]1207[1]0907[2]0509[1]0508[2]0408[1]0307[2]0511[1]1109[2]1209[1]1110[2]1111[1]1107[2]1106[1]1007[2]1205[1]1206[2]1204[1]1105[2]1006[1]1012[2]0906[1]0806[2]1208[1]1210[2]0407[1]0507[2]0406[1]0409[2]0405[1]0404[2]0706[1]0506[2]0505[1]0606[2]1211[1]1308[2]0308[1]1005[2]0705[1]0805[2]0605[1]0905[2]0305W
[1]0909[2]0908[1]0807[2]0808[1]0907[2]0906[1]1007[2]1107[1]0707[2]0607[1]1008[2]0806[1]0706[2]0606[1]0507[2]1108[1]1207[2]1009[1]0905[2]1006[1]1106[2]0708[1]0608[2]0508[1]0809[2]0709[1]0609[2]0810[1]1109[2]1210[1]0805[2]0804[1]0705[2]0704[1]1005[2]0605[1]1105B
[1]0909[2]0908[1]0808[2]0809[1]0810[2]0910[1]1009[2]1010[1]1011[2]1110[1]1210[2]0709[1]0911[2]0811[1]0710[2]0912[1]0708[2]0711[1]0812[2]1109[1]1209[2]0609[1]0509[2]1111[1]1112[2]1108[1]1107[2]1008[1]1206[2]1208[1]1308[2]1307[1]1406[2]1309[1]0610[2]0510[1]1007[2]1207[1]1306[2]1106[1]1506[2]1606[1]1407[2]1605[1]1706[2]1305[1]1705[2]1012[1]1013[2]1507[1]1408[2]1405[1]1409[2]1505[1]1410B
[1]0909[2]0809[1]0808[2]0908[1]0709[2]0810[1]0910[2]1009[1]1008[2]1010[1]1109[2]0907[1]0710[2]0811[1]0812[2]1108[1]1007[2]0911[1]0807[2]0708[1]1011[2]1110[1]1211[2]1111[1]1209[2]1210[1]1310[2]0610[1]0711[2]0712[1]0912[2]0707[1]1012[2]1112[1]1113[2]0913[1]0609[2]1013[1]1014[2]1309[1]1408[2]1409[1]1208[2]1107[1]0806[2]0805[1]1308[2]1508[1]0607[2]1307[1]1207[2]1206[1]0611[2]0608[1]0509[2]0409[1]0706[2]0508[1]0408[2]0906[1]0905[2]0510[1]1006[2]1005[1]1106[2]0813[1]0713[2]0612[1]0914[2]0507[1]0511[2]0411[1]0410[2]0915[1]0814[2]1114[1]0714[2]0614[1]0613[2]0512[1]0412[2]0815[1]0513[2]0413[1]0816[2]0715[1]1015[2]0615[1]0515[2]0514[1]0716[2]0312[1]0211[2]0213[1]0114[2]0311[1]0310[2]0309[1]0212[2]0616[1]0617[2]0717[1]0313[2]0414[1]0214[2]0314[1]0115B
[1]0909[2]0810[1]0809[2]0910[1]0811[2]0908[1]0911[2]1010[1]0710[2]1110[1]1210[2]0912[1]1009[2]1109[1]0709[2]0609[1]1011[2]0711[1]1111[2]1211[1]1008[2]0808[1]0907[2]1012[1]0913[2]0812[1]1112[2]0712[1]0612[2]0611[1]0610[2]1007[1]0813[2]0713[1]0714[2]0814[1]1013[2]1113[1]1209[2]1108[1]1107[2]1206[1]1212[2]0914[1]0510[2]0410[1]1014[2]0511[1]0411[2]1310[1]0915[2]1311[1]1207[2]1208[1]1307[2]1407[1]1308[2]1309[1]1312[2]1412[1]1410[2]1213[1]1411[2]0815[1]0613[2]0512[1]1306[2]1305[1]0509[2]1114[1]1214[2]1313[1]1413[2]0614[1]0515[2]1510[1]1409[2]1408[1]1106[2]1005[1]0715[2]0615[1]1511[2]1512[1]0906[2]1006[1]1004[2]0816[1]0817[2]1509[1]1508[2]0514[1]0513[2]0806[1]1105[2]1104[1]0905[2]0904[1]1205[2]1204[1]0716[2]0717[1]0807[2]0708[1]0608[2]0616[1]0617[2]0414[1]0314[2]0718[1]0413[2]0313[1]0707[2]0607[1]0412[2]0312[1]0516[2]0415[1]1507[2]1406[1]1103[2]1405[1]1202[2]1404W
[1]0909[2]1008[1]1009[2]0910[1]1109[2]0809[1]1209[2]1309[1]0908[2]1010[1]0911[2]1108[1]1011[2]1110[1]0810[2]1210[1]1310[2]0808[1]1111[2]0811[1]1211[2]1311[1]0709[2]1012[1]0608[2]0507[1]0710[2]0609[1]0708[2]0707[1]0711[2]0712[1]0612[2]0613[1]0513B
[1]0909[2]0810[1]0809[2]0908[1]0811[2]0910[1]1009[2]0709[1]1109[2]1209[1]0710[2]1008[1]1007[2]1108[1]1208[2]0808[1]0708[2]1010[1]1110[2]1210[1]0907[2]0711[1]0911[2]1011[1]1111[2]1112[1]1213[2]1107[1]1211[2]1312[1]1310[2]1212[1]1012[2]1412[1]1512[2]0912[1]1311[2]1411[1]1313[2]1314[1]1413[2]1113[1]1513[2]1613[1]1013[2]1414[1]1315[2]1214[1]1114[2]1514[1]1614[2]1014[1]0915[2]0812[1]0913[2]0610[1]0814[2]0509[1]0715B
[1]0909[2]0809[1]0810[2]0910[1]1011[2]0911[1]1010[2]1110[1]1009[2]1008[1]1012[2]1013[1]1109[2]1209[1]0912[2]1111[1]1210[2]1108[1]1007[2]0908[1]1208[2]0808[1]1307[2]0708W
[1]0909[2]0809[1]0810[2]0910[1]1009[2]1008[1]0908[2]1010[1]1011[2]0911[1]1109[2]1209[1]0811[2]1110[1]1210[2]0710[1]1108[2]0711[1]0812[2]0813[1]0610[2]0912[1]0913[2]1012[1]1111[2]0709[1]0708[2]0712[1]0713[2]0808[1]0611[2]0511[1]0612[2]0609[1]0613[2]0509[1]0614B
[1]0909[2]0908[1]0808[2]0809[1]0710[2]0709[1]0810[2]0910[1]0708[2]0707[1]1009[2]0807[1]0706[2]0711[1]0907[2]1008[1]0608[2]0508[1]1007[2]0607[1]0507[2]0609[1]0509[2]0811[1]0610[2]0510[1]0712[2]0611[1]0511[2]0911[1]1011[2]1010[1]0812[2]0612[1]0409[2]0408[1]0407[2]0410[1]0309[2]0209[1]0411[2]0308[1]0208[2]0310[1]0210[2]0606[1]0912[2]1012[1]0806[2]0813[1]0713[2]0906[1]1109[2]1209[1]0311[2]0211[1]0110[2]0412[1]0512[2]1108[1]1208[2]1110[1]1210[2]0109[1]1111[2]0613[1]0614[2]0515[1]0513[2]0514[1]0307[2]0207[1]0108[2]0406[1]0506[2]0312[1]0413[2]0714[1]0615[2]0107[1]0505[2]0504[1]0913[2]0605[1]0604[2]0705[1]0503[2]0111[1]0212[2]0414[1]0415[2]1211[1]0313[2]0213[1]0112[2]0314[1]0214[2]0113[1]0114[2]0011[1]0010[2]0009[1]0012[2]0013[1]0008[2]0404[1]0405[2]0306[1]0206[2]1309[1]0305[2]0205[1]0106[2]0007[1]1310[2]0715[1]0814[2]0603[1]0704[2]0805[1]0905[2]1006[1]1107[2]1207[1]1308[2]0804[1]0903[2]1106[1]1206[2]1307[1]1005[2]1004[1]1105[2]1205[1]1306[2]0904[1]1104[2]0914[1]0815[2]0115[1]0014[2]0105[1]0006[2]0915[1]0204[2]0304[1]0403[2]0315[1]0215[2]1407[1]1507[2]1409[1]1509[2]1408[1]1406[2]1410[1]1506[2]1411W
[1]0909[2]1008[1]1107[2]1006[1]1007[2]1106[1]1005[2]1108[1]1207[2]0907[1]1307[2]1407[1]0908[2]1208[1]1308[2]1206[1]0906[2]1306[1]1406[2]0905[1]1105[2]1004[1]1205[2]1305[1]1109[2]1009[1]0806[2]0807[1]0904[2]0805[1]0706[2]0606[1]1405[2]1104[1]0808[2]0707[1]0607[2]0809[1]0708[2]0608[1]0507[2]1506[1]1209[2]0506[1]0910[2]0911[1]1103[2]1204[1]1304[2]1010[1]1011[2]1110[1]0912[2]1408[1]1507[2]0810[1]0709[2]1012[1]1113[2]1404[1]1503[2]1505[1]1111[2]1112[1]0505[2]1210[1]1310[2]1309[1]1311[2]1211[1]1411[2]1312[1]1512[2]1413W
[1]0909[2]0908[1]1009[2]0910[1]0809[2]1109[1]0709[2]0609[1]1010[2]0810[1]1008[2]1011[1]1007[2]1006[1]0911[2]1108[1]1107[2]1206[1]1110[2]0808[1]0907[2]1207[1]0807[2]0707[1]1208[2]0906[1]1106[2]0806[1]0706[2]0708[1]0608[2]1209[1]0905[2]1005[1]1105[2]1104[1]1203[2]1204[1]1205[2]1304[1]1004[2]1404[1]1504[2]0805[1]1305[2]1405[1]1306[2]1307[1]1303[2]1403[1]1406[2]1402[1]1401[2]1302[1]1503[2]0710[1]0610[2]1111[1]0811[2]0812[1]0711[2]0611[1]1210[2]1310[1]1411[2]1603[1]1308[2]1407[1]1507[2]1608[1]1502[2]1505[1]1501[2]1500[1]1506[2]1606[1]1707[2]1607[1]1605[2]1609[1]1610[2]1309[1]1409[2]1408[1]1509[2]1510[1]1508[2]1602[1]1410[2]1412[1]1708[2]1604[1]1601[2]1701[1]1301[2]1201[1]1100[2]1311[1]1211[2]1312[1]1313[2]1511[1]1703[2]1202[1]1102[2]1400[1]1212[2]1213[1]1112[2]1314[1]1413[2]1103[1]1702[2]0607[1]1704[2]1803[1]1705[2]1706[1]1012[2]0912[1]1709[2]1710[1]1611[2]1512[1]1513[2]1612[1]1613[2]1712W
[1]0909[2]1010[1]1011[2]0910[1]1009[2]1008[1]0911[2]1110[1]0810[2]1210[1]1310[2]0908[1]1109[2]0809[1]1209[2]1309[1]1111[2]1211[1]0811[2]0711[1]1311[2]0912[1]1007[2]1108[1]0906[2]1208[1]0808[2]1308W
[1]0909[2]1010[1]0910[2]0810[1]0911[2]0912[1]0908[2]0907[1]0811[2]1009[1]1109[2]1008[1]1011[2]1007[1]0711[2]1006W
[1]0909[2]0808[1]0908[2]1009[1]1008[2]0809[1]0910[2]0907[1]0911[2]0912[1]0709[2]0810[1]0811[2]0807[1]0806[2]1010[1]0708[2]0710[1]1109[2]0609[1]0610[2]0812[1]0711[2]1011[1]0611[2]1012[1]0511B
[1]0909[2]0808[1]0809[2]0908[1]0807[2]0910[1]0907[2]0906[1]1007[2]1107[1]0707[2]0607[1]1008[2]0806[1]0708[2]0709[1]0608[2]1108[1]1009[2]1006[1]1010[2]1106[1]1011B
[1]0909[2]0908[1]1009[2]1010[1]0809[2]1109[1]0709[2]0609[1]1008[2]0808[1]0907[2]0910[1]0807[2]0810[1]0710[2]1110[1]1210[2]0708[1]0608[2]0707[1]0911[2]0906[1]1011[2]1108[1]1111[2]1107[1]0811[2]1106W
[1]0909[2]1008[1]0907[2]0908[1]1007[2]1006[1]1009[2]0808[1]0708[2]1108[1]1208[2]1010[1]1109[2]1209[1]0809[2]0709[1]1107[2]1207[1]0807[2]0707[1]1106[2]0910[1]1308[2]0906[1]0810[2]1206[1]1110[2]0806[1]0706[2]0710[1]0905[2]1005[1]1105[2]1104[1]1203[2]1205[1]1204[2]1004[1]1003[2]1103[1]1306[2]1307[1]0805[2]0904[1]0607[2]0804[1]0508[2]0704W
[1]0909[2]0908[1]0907[2]0808[1]0807[2]0906[1]0809[2]0806[1]0707[2]1007[1]0607[2]0507[1]0905[2]0708[1]0608[2]1008[1]1108[2]0706[1]0606[2]1006[1]0605[2]1106W
[1]0909[2]0908[1]1008[2]1009[1]0907[2]1007[1]1108[2]1109[1]1110[2]1107[1]1208[2]1308[1]1010[2]1209[1]1309[2]1011[1]0910[2]0810[1]1210[2]1310[1]1207[2]1111[1]0809[2]0808[1]1012[2]0911[1]1211[2]0811[1]0711[2]1311[1]0912[2]1112[1]1212[2]1213[1]1314[2]1113[1]1114[2]1013[1]0913[2]1313[1]1413[2]1312[1]1514[2]1414[1]1614[2]0812[1]0813[2]1513[1]1412[2]1307[1]1214[2]1014[1]1411[2]1410[1]1409[2]1512[1]0710[2]1215[1]1511[2]1510[1]1610[2]1709[1]1612[2]1611[1]1613[2]1615[1]0709[2]0708[1]0609[2]0608[1]0509B
[1]0909[2]1008[1]0908[2]1009[1]1109[2]0808[1]0907[2]0910[1]0906[2]0905[1]1108[2]1007[1]1006[2]1010[1]1011[2]0807[1]1107[2]1106[1]1110[2]1111[1]0806[2]0706[1]0707[2]1209[1]1210[2]1208[1]0911[2]1211[1]1005[2]1207[1]1206[2]1105[1]1308[2]0805[1]0809[2]0810[1]0710[2]0611[1]0708[2]0709[1]0711[2]0811[1]0712[2]0713[1]0812[2]0912[1]0612[2]0512[1]1004[2]1003[1]0904[2]1102[1]0511[2]0610[1]1307[2]0613[1]0804[2]1104[1]0704[2]1103W
[1]0909[2]0808[1]0807[2]0908[1]0809[2]0708[1]0608[2]1008[1]1108[2]0709[1]0907[2]0910[1]1009[2]1109[1]1007[2]1107[1]0707[2]0607[1]1010[2]0806[1]0810[2]0906[1]1006[2]0706[1]0606[2]1106[1]0805[2]0911[1]1005[2]1004[1]0905[2]0705[1]1105[2]1205[1]1204[2]1303[1]1206[2]0904[1]0605[2]1104[1]0804[2]0703[1]0704[2]0702[1]0803[2]0506[1]0902[2]0405[1]1001B
[1]0909[2]1010[1]1110[2]1009[1]1109[2]1209[1]1108[2]1107[1]1111[2]1112[1]1208[2]1210[1]1011[2]1008[1]1007[2]1211[1]1212[2]1012[1]1310[2]1311[1]0908[2]1207[1]0910[2]0911[1]0907[2]0906[1]1206[2]0809[1]1309[2]0808[1]0810[2]1410[1]0912[2]0813[1]0807[2]0707[1]0708[2]0811[1]0812[2]1409[1]1308[2]1307[1]1408[2]1407[1]1508B
[1]0909[2]1010[1]1011[2]0910[1]1009[2]0908[1]0809[2]0709[1]1109[2]1209[1]0808[2]1008[1]0907[2]1110[1]1210[2]0810[1]0710[2]0807[1]0911[2]1012[1]1111[2]0811[1]1211[2]1311[1]0711[2]1112[1]1007[2]1108[1]1208[2]1309[1]1310[2]0610[1]1013[2]0912[1]0812[2]1212[1]1312[2]0708[1]1113[2]1213[1]0609[2]1006[1]1107[2]1207[1]1308[2]1411[1]1410[2]1510[1]0913[2]1014[1]0813[2]0713[1]0608[2]0914[1]1511[2]0712[1]0613[2]1409[1]1509[2]1408[1]1307[2]1406[1]1407[2]1405[1]1306[2]1504[1]1305[2]1304[1]1404[2]1206[1]1503[2]1602[1]1505[2]1114[1]0814[2]1214[1]0815[2]1314W
[1]0909[2]1010[1]0910[2]0810[1]0911[2]0912[1]0908[2]0907[1]1011[2]1009[1]1008[2]0809[1]1109[2]1110[1]0808[2]1108[1]0708[2]0608[1]0709[2]0807[1]1111[2]0811[1]1211[2]0812[1]1311B
[1]0909[2]0808[1]0908[2]0809[1]0709[2]1009[1]0910[2]0911[1]0907[2]0906[1]0807[2]1008[1]0810[2]0811[1]0812[2]0708[1]1109[2]1010[1]1007[2]1011[1]1107[2]1012W
[1]0909[2]0808[1]0908[2]0809[1]0708[2]1009[1]0709[2]0609[1]0710[2]0711[1]0707[2]0706[1]0910[2]0911[1]0907[2]0906[1]0807[2]1007[1]0607[2]0507[1]0810[2]1010[1]0610[2]1008[1]0510B
[1]0909[2]1009[1]1008[2]0908[1]0807[2]0907[1]1007[2]1107[1]1108[2]0906[1]0905[2]0806[1]1006[2]1005[1]0805[2]1106[1]1206[2]0808[1]1207[2]1307[1]0707[2]0706[1]0606[2]1109[1]1208[2]1308[1]1209[2]1205[1]1210B
[1]0909[2]0810[1]0709[2]0809[1]0710[2]0609[1]0708[2]0707[1]0711[2]0712[1]0910[2]0808[1]0807[2]0811[1]0812[2]0610[1]0611[2]0908[1]0510[2]1009[1]0911[2]0912[1]0509[2]1010[1]1008[2]0608[1]0607[2]1011[1]1012[2]0913[1]0813[2]0409[1]0508[2]0507[1]0511[2]0512[1]0411[2]0311[1]1110[2]0410[1]0310[2]0612[1]0412[2]0907[1]0613[2]0713[1]0408[2]0312[1]0513[2]0514[1]0413[2]0313[1]0414[2]0314[1]0415B
[1]0909[2]0910[1]1009[2]1010[1]1011[2]0908[1]0809[2]1109[1]0709[2]0609[1]0911[2]0810[1]0710[2]1110[1]1210[2]0808[1]0708[2]0707[1]0711[2]0712[1]0811[2]0611[1]1111B
[1]0909[2]1009[1]1008[2]0908[1]0910[2]0809[1]0808[2]1010[1]1110[2]1011[1]1012[2]0810[1]0911[2]0912[1]0710[2]0811[1]0812[2]0711[1]1109[2]0907[1]0807[2]0913[1]1007[2]1108[1]0712[2]1111[1]0813[2]0713[1]1112[2]0611[1]0511[2]1209[1]0612[2]0512[1]1208[2]1107[1]1210[2]1311[1]1211[2]1411[1]1310[2]1512[1]1013[2]1409[1]0914B
[1]0909[2]0910[1]1011[2]1010[1]0911[2]1012[1]1009[2]0908[1]1111[2]0811[1]1211[2]1311[1]0809[2]0709[1]1109[2]1209[1]0810[2]1110[1]1210[2]1008[1]1108[2]1112[1]1113[2]1212[1]0912[2]1312[1]1412[2]1013[1]1213[2]0808[1]0708[2]1310[1]1313[2]1309[1]1413[2]1308W
[1]0909[2]0810[1]0709[2]0809[1]0710[2]0609[1]0708[2]0711[1]0707[2]0706[1]0610[2]0808[1]0811[2]0807[1]0806[2]0608[1]0908[2]1009[1]0910[2]0907[1]0911[2]0912[1]0508[2]0607[1]0606[2]1010[1]1011[2]1111[1]1110[2]0611[1]0509[2]0705[1]0605[2]0506[1]0507[2]0510[1]1012[2]0408[1]0812[2]0409[1]0712[2]0308[1]0613[2]0207W
[1]0909[2]0808[1]0709[2]0810[1]0809[2]1009[1]0609[2]0509[1]0910[2]0708[1]0807[2]0908[1]0608[2]1008[1]1108[2]0710[1]0907[2]1010[1]1007[2]1011[1]1107[2]1012W
[1]0909[2]1009[1]1108[2]1008[1]1109[2]1010[1]1007[2]1011[1]1012[2]0908[1]0910[2]1208[1]1110[2]1111[1]1107[2]1106[1]0907[2]1207[1]0807[2]0707[1]1112[2]0906[1]1206[2]1006[1]0806[2]0808[1]0708[2]0809[1]1005[2]1209[1]1210[2]1211[1]0911[2]1311[1]0912[2]1411W
[1]0909[2]1010[1]1111[2]1008[1]1009[2]0908[1]1109[2]0809[1]1209[2]1309[1]0910[2]1110[1]1210[2]1108[1]1208[2]0808[1]1211[2]0708W
[1]0909[2]0808[1]0908[2]1009[1]0707[2]0807[1]0907[2]0910[1]0906[2]0905[1]0806[2]1007[1]1108[2]1008[1]1010[2]1006[1]1005[2]0706[1]1107[2]0805[1]0705[2]0604[1]1106[2]1109[1]1105[2]1104[1]0809[2]1207[1]0704[2]1206[1]0605[2]0606[1]1205[2]1305[1]1306[2]0804[1]0703[2]0702[1]0904[2]0803[1]0802[2]1004[1]0903[2]1208[1]1209[2]1110[1]1307[2]0810[1]1103[2]1003[1]0709[2]0609[1]0708[2]0710[1]0610[2]1204[1]1304[2]1403[1]0811[2]0608[1]0607[2]0506[1]0406[2]0902[1]0801[2]0507[1]0505[2]0405[1]0508[2]1405[1]1404[2]1407[1]1308[2]1309[1]1406[2]0911[1]1210[2]1310[1]1011[2]1111[1]1112[2]0509[1]1211[2]1212[1]1506[2]1606[1]1410[2]1311[1]1312[2]1505[1]1605[2]1507[1]1408[2]1705[1]1804[2]1409[1]1504[2]1604[1]1508[2]1608[1]1607[2]1509[1]1609[2]0912[1]0913[2]1012[1]1113[2]1013[1]0812[2]0711[1]1014[2]1115[1]1706[2]1805[1]1807[2]1707[1]1806[2]1808[1]1708[2]1510[1]1809[2]1213[1]1411[2]1709[1]1810[2]1710[1]1610[2]1511[1]1512[2]1412[1]1611[2]1612[1]1114[2]1711[1]1712[2]1413[1]1313[2]1214[1]1215[2]1002[1]1001[2]0901[1]1314[2]1315[1]1513[2]1414[1]1415[2]1613[1]1514[2]1515[1]1704[2]1803[1]1614[2]0701[1]0602[2]0603[1]0504[2]0407[1]0408[2]0503[1]0502[2]0601[1]0500[2]0501[1]0401[2]1015[1]0600[2]1102[1]1202[2]1303[1]1203[2]1703[1]1802[2]0400[1]0306[2]0307[1]0207[2]0308[1]0209[2]1316[1]1216[2]1101[1]1416[2]1116[1]1016[2]0409[1]0309[2]0208[1]0510[2]1615[1]1000[2]0900[1]0800[2]0700[1]1811[2]1812[1]1713[2]0305[1]0404[2]0403[1]0303[2]0202[1]0304[2]0204[1]0402[2]0302[1]0301[2]0611[1]0203[2]1516[1]1616[2]0300[1]0201[2]0101[1]0200[2]1714[1]1813[2]1417[1]1318[2]1317[1]1217[2]1218[1]1603[2]1503[1]1402[2]1117[1]1118[2]1302[1]1201[2]1200[1]0410[2]0310[1]1602[2]1502[1]1702[2]1801[1]0914[2]0814[1]0612[2]0511[1]0713[2]0411[1]0311[2]0712[1]0512[2]0813[1]0102[2]0001[1]0714[2]0613[1]0915[2]0916[1]0816[2]0717[1]1017[2]0815[1]0205[2]0210[1]0100[2]1100[1]0206[2]0106[1]1715[2]1816[1]1301[2]1400[1]1300[2]1500[1]1501[2]1401[1]1601[2]1600[1]1700[2]1701[1]0000[2]0917[1]0817[2]1814[1]1815[2]1716[1]0716[2]0715[1]0002[2]0103[1]1617[2]1517[1]1518[2]1717[1]1817[2]1718[1]1418[2]1618[1]1818[2]0003[1]0104[2]0105[1]0004[2]0107[1]0108[2]0009[1]0109[2]0614[1]0006[2]0005[1]1800[2]0007[1]0008[2]0615[1]0616[2]0515[1]0516[2]0415W
[1]0909[2]0908[1]1008[2]1009[1]0910[2]1010[1]1109[2]1108[1]1110[2]1209[1]1208[2]1011[1]1012[2]1111[1]0911[2]0912[1]1007[2]0810[1]1210[2]0907[1]1311[2]1412[1]1112[2]1211[1]0811[2]1107[1]1207[2]1106[1]1105[2]1307[1]1206[2]1205[1]1006[2]1005[1]0807[2]0906[1]0905[2]1308[1]1104[2]1004[1]1306[2]1212[1]1313[2]0812[1]1312[2]1310[1]1314[2]1309[1]1315B
[1]0909[2]1008[1]0907[2]0908[1]1007[2]0906[1]0807[2]1107[1]0707[2]0607[1]1006[2]0808[1]1108[2]0708[1]0608[2]0806[1]0809[2]0709[1]0609[2]0509[1]0805[2]0706[1]0606[2]0710[1]0711[2]0810[1]0610[2]0611[1]0811[2]0910[1]1010[2]1009[1]0911[2]1011[1]0510[2]0812[1]0508[2]0507[1]0905[2]0804[1]0705[2]0605[1]1005[2]1105[1]1004[2]1003[1]0506[2]0904[1]0903[2]1106[1]1104[2]0407[1]0307[2]0406[1]1206[2]0912[1]0408[2]0308[1]0803[2]0704[1]0604[2]0409[1]1207[2]0505[1]0913[2]1208[1]1109[2]1307[1]1205[2]1204[1]0712[2]1306[1]0309[2]0902[1]0405[2]0208[1]1002[2]1103[1]1203[2]1302[1]1303[2]1304[1]1305[2]0612[1]0207[2]0306[1]1308[2]1209[1]1110[2]1111[1]1012[2]0511[1]0410[2]0310[1]0512[2]0411[1]0311[2]0412[1]0209[2]0210[1]1403[2]1503[1]0703[2]0603[1]0504[2]0802[1]1407[2]1404[1]1504[2]1202[1]1405[2]1505[1]1406[2]1604[1]1408[2]1409[1]1102[2]1506[1]1605[2]1706[1]1309[2]1210[1]1211[2]1507[1]1508[2]1608[1]1607[2]0206[1]0106[2]1509[1]1606[2]0613[1]0614[2]0503[1]0513[2]1101[1]0713[2]0714[1]0813[2]0615[1]1013[2]1113[1]0305[2]1112[1]1213[2]1114[1]1115[2]0814[1]1310[2]1311[1]1212[2]1410[1]1214[2]1707W
[1]0909[2]0810[1]0809[2]0910[1]0911[2]0808[1]0811[2]1010[1]0710[2]1110[1]1210[2]0908[1]1009[2]1109[1]0709[2]0609[1]1011[2]0711[1]1111[2]1211[1]0610[2]1012[1]1209[2]0912[1]1112[2]1008[1]1108[2]0708[1]0608[2]0509[1]0907[2]1310[1]0807[2]1212[1]1311[2]0906[1]1007[2]1107[1]0707[2]0607[1]0508[2]0806[1]0905[2]1006[1]0706[2]1106[1]1206[2]0812[1]0712[2]0611[1]0510[2]0410[1]1005[2]1208[1]1309[2]1307[1]1408[2]1406W
[1]0909[2]0910[1]0810[2]0809[1]0911[2]0811[1]0710[2]1010[1]1011[2]0711[1]0812[2]0912[1]1009[2]0709[1]0610[2]0510[1]0712[2]0611[1]0511[2]0609[1]0509[2]0813[1]0708[2]1012[1]0913[2]1008[1]0612[2]0512[1]1013[2]0713[1]1111[2]1211[1]0908[2]1110[1]1210[2]1112[1]1212[2]0808[1]1109[2]1209[1]1113[2]1213[1]0814[2]0914[1]0411[2]0410[1]1310[2]1311[1]1312[2]1014[1]0409[2]1411[1]1511[2]1114[1]1214[2]1313[1]1015[2]0915[1]1412[2]1512[1]1108[2]0508[1]0608[2]1208[1]1413[2]1314[1]1415[2]1414[1]1416[2]1315[1]1517[2]1316[1]1317[2]1516[1]1215[2]1115[1]1216[2]1217[1]0907[2]0906[1]1410[2]1510[1]1016[2]1116[1]1117[2]1417[1]1318[2]1309[1]1308[2]1409[1]1509[2]0807[1]0806[2]0707[1]0905[2]1418[1]1007[2]1218[1]1513[2]1514[1]1614[2]1515[1]1715[2]1616[1]1816B
[1]0909[2]0808[1]0709[2]0810[1]0809[2]1009[1]0609[2]0509[1]0908[2]0710[1]0910[2]0911[1]0907[2]0906[1]0811[2]1008[1]1007[2]1106[1]1006[2]0708[1]0807[2]1107[1]0707[2]0607[1]0608[2]0806[1]1108[2]1010[1]1011[2]1112[1]1109[2]1209[1]1110[2]1111[1]1012[2]0912[1]0610[2]0611[1]0711[2]0712[1]0812[2]0913[1]0914[2]0508[1]1013[2]1014[1]0813[2]0814[1]0507[2]0406[1]1212[2]1113[1]1114[2]1211[1]1210[2]1311[1]1411[2]0706[1]0805[2]0409[1]0310[2]0510[1]0308[2]0511[1]0512[2]0606[1]0506[2]0407[1]0408[2]0405[1]0404[2]0309[1]0209[2]0411[1]0108[2]0311[1]0208[2]0211W
[1]0909[2]1009[1]0908[2]0809[1]0910[2]0907[1]0911[2]0912[1]1008[2]0810[1]0811[2]1010[1]1011[2]1111[1]0711[2]0611[1]1110[2]0812[1]0710[2]1109[1]1012[2]1007[1]1108[2]0808[1]1208[2]0807[1]1308B
[1]0909[2]0809[1]0810[2]0910[1]0709[2]0808[1]0708[2]0710[1]0811[2]0911[1]1010[2]0711[1]0812[2]0813[1]1011[2]0912[1]0913[2]1110[1]0712[2]0609[1]0610[2]0611[1]0908[2]0512[1]0413[2]1009[1]0612[2]0713[1]1012[2]1013[1]1109[2]1111[1]1210[2]1008[1]0510[2]0511[1]0411[2]0312[1]0412[2]0410[1]0414[2]0415[1]0814[2]0715[1]0714[2]0513[1]0613[2]0514[1]0515[2]0614[1]0816[2]0313[1]0615[2]0815[1]0914[2]1014[1]0716[2]0915[1]1015[2]0616[1]1108[2]1209[1]0212[2]0311[1]0314[2]0310[1]0309[2]1208[1]0211[2]0112[1]0213[2]0210[1]0214[2]0110[1]0215B
[1]0909[2]0908[1]0907[2]0808[1]0809[2]0810[1]0807[2]0906[1]0709[2]1009[1]0609[2]0509[1]1007[2]0707[1]1107[2]1207[1]0806[2]1008[1]1108[2]0708[1]0608[2]1006[1]0910[2]0710[1]0811[2]0610[1]0510[2]0508[1]0711[2]0812[1]0607[2]0606[1]0505[2]0706[1]0705[2]0604[1]0605[2]0805[1]0405[2]0305[1]0905[2]0506[1]0507[2]0406[1]0306[2]0504[1]0407[2]0307[1]0408[2]0206[1]1106[2]1109[1]1105[2]1104[1]1005[2]1205[1]1206[2]1004[1]0603[2]0704[1]0404[2]0804[1]0904[2]0803[1]0802[2]0611[1]0703[2]0702[1]0903[2]0902[1]1003[2]0801[1]1001[2]1002[1]1103[2]1203[1]0901[2]1000[1]1204[2]1102[1]1202[2]0308[1]0409[2]0410[1]1101[2]1201[1]0511[2]0612[1]0613[2]0712[1]0514[2]0512[1]0912[2]0412W
[1]0909[2]0910[1]1011[2]1010[1]1009[2]1110[1]0810[2]1210[1]1310[2]0809[1]1111[2]1012[1]1109[2]1209[1]0911[2]1211[1]0811[2]1208[1]0711B
[1]0909[2]0908[1]0808[2]0809[1]0710[2]0709[1]0810[2]0910[1]1009[2]1010[1]0911[2]0811[1]0708[2]0807[1]0907[2]1008[1]1011[2]0707[1]0706[2]1110[1]1210[2]0711[1]1109[2]1209[1]1108[2]1208[1]1308[2]0607[1]0507[2]0912[1]0608[2]0508[1]0812[2]0609[1]0509[2]0606[1]0610[2]0510[1]0409[2]0408[1]1007[2]1107[1]0506[2]1207[1]1206[2]1111[1]1106[2]1006[1]1309[2]0905[1]0804[2]1012[1]0906[2]0805[1]0806[2]0705[1]0605[2]1005[1]1105[2]1205[1]0904[2]0704[1]0407[2]0308[1]0208[2]0406[1]0307[2]0207[1]0913[2]0611[1]0511[2]0410[1]0712[2]0813[1]0309[2]0209[1]0306[2]1408[1]1307[2]1310[1]1004[2]0903[1]1104[2]1204[1]1103[2]1102[1]1306[2]1305[1]1406[2]1506[1]1304[2]1407[1]1507[2]1003[1]1002[2]1203[1]1202[2]1301[1]1211[2]1405[1]1505[2]1604[1]1112[2]0612[1]1508[2]1409[1]1410[2]1311[1]1013[2]0914[1]0814[2]0713[1]1504[2]1404[1]1303[2]1403[1]1402[2]1302[1]1201[2]1101[1]1503[2]1502[1]1401[2]1603[1]1704[2]1605[1]1602[2]1606[1]1607[2]1608[1]1509[2]1510[1]1705[2]1501[1]1411[2]0405[1]0505[2]0504[1]0604[2]0703[1]0603[2]0803[1]0602[2]0702[1]0601B
[1]0909[2]1010[1]0911[2]0810[1]0910[2]0908[1]0912[2]0913[1]0809[2]0811[1]0710[2]1011[1]0711[2]0812[1]0813[2]0611[1]0712[2]0709[1]0713[2]0714[1]1012[2]0612[1]0512[2]0613[1]0614[2]0610[1]0609[2]0708[1]0511[2]0510[1]0808[2]0412[1]0513[2]0514[1]0413[2]0411[1]0410[2]1013[1]1009[2]1109[1]1110[2]0414[1]0415[2]1008[1]0313[2]0213[1]0312[2]0114[1]0214[2]0314[1]0515[2]0416[1]0315[2]0215[1]0615[2]0715[1]0814[2]0516[1]0807[2]0806[1]0907[2]0705[1]0316[2]0616[1]0716[2]0815[1]0916[2]0915[1]1015[2]0914[1]1116[2]1112[1]1016[2]1211W
[1]0909[2]0910[1]0811[2]0810[1]0809[2]0710[1]0610[2]1010[1]1110[2]0709[1]0911[2]0812[1]0711[2]1011[1]0611[2]0511[1]0609[2]0612[1]0608[2]0607[1]0713[2]0712[1]0912[2]0512[1]0412[2]0708[1]0707[2]0808[1]0613[2]0509[1]0510[2]0508[1]0807[2]0908[1]1008[2]1009[1]1012[2]0706[1]0409[2]0805[1]0308[2]0904W
[1]0909[2]0810[1]0911[2]0910[1]0811[2]0812[1]0711[2]0611[1]1011[2]1111[1]0710[2]1010[1]1110[2]0912[1]0712[2]0709[1]0713[2]0714[1]0809[2]0612[1]0813[2]0613[1]0610[2]0614[1]0615[2]0908[1]0513[2]0609[1]0512[2]0808[1]0708[2]0413[1]1009[2]1109[1]0514[2]0511[1]0515[2]0516[1]0510[2]0410[1]0309[2]0414[1]1008[2]0616[1]0715[2]0415[1]0815[2]0412[1]0915B
[1]0909[2]1009[1]1110[2]1010[1]1109[2]1210[1]1111[2]1108[1]1112[2]1113[1]1008[2]1211[1]0910[2]1011[1]1012[2]0911[1]1310[2]1209[1]1212[2]1208[1]1312[2]1207W
[1]0909[2]0810[1]0811[2]0910[1]0911[2]0912[1]1011[2]0711[1]1111[2]1211[1]0809[2]1010[1]1110[2]0710[1]0610[2]1012[1]1009[2]1109[1]0709[2]0609[1]1112[2]1113[1]1013[2]0808[1]1212[2]0908[1]0611[2]1008[1]1108[2]0708[1]0608[2]0509[1]0907[2]1007[1]0807[2]0712[1]0812[2]0612[1]0713[2]0513[1]0614[2]0414W
[1]0909[2]0910[1]1011[2]1010[1]1009[2]1008[1]1109[2]0809[1]1209[2]1309[1]0908[2]1110[1]0810[2]1210[1]1310[2]1108[1]1111[2]0911[1]1007[2]0808[1]0708[2]0709[1]1208[2]1112[1]1211[2]1311[1]1107[2]0907[1]0610[2]1006[1]1105[2]1106[1]1012[2]1206[1]0906[2]1306[1]1406[2]1307[1]1505[2]1308[1]1305[2]1405[1]1205[2]1207[1]1005[2]1504W
[1]0909[2]0910[1]0810[2]0809[1]0811[2]0710[1]0709[2]0808[1]0908[2]1009[1]0708[2]1008[1]0907[2]0906[1]0807[2]0711[1]0610[2]0609[1]1108[2]1007[1]1006[2]1010[1]1011[2]0911[1]1109[2]1208[1]1107[2]1110[1]1106[2]1210[1]1105B
[1]0909[2]1010[1]1011[2]0910[1]1009[2]0908[1]0809[2]1109[1]0709[2]0609[1]1110[2]0810[1]0710[2]0808[1]0911[2]0811[1]1008[2]1111[1]0708[2]0711[1]0707[2]0706[1]0807[2]0608[1]0610[2]1012[1]0509[2]0510[1]1210[2]1108[1]0712[2]0611[1]0511[2]0412[1]0912[2]0813[1]1209[2]0812[1]1308B
[1]0909[2]0808[1]0809[2]0910[1]0811[2]0810[1]0911[2]0912[1]0709[2]1009[1]0609[2]0509[1]0908[2]0710[1]1010[2]0610[1]0510[2]0708[1]0711[2]0611[1]1011[2]1111[1]0807[2]0812[1]0707[2]0608[1]0508[2]0706[1]0607[2]0507[1]0907[2]1007[1]0906[2]0905[1]0805[2]0806[1]1008[2]1012[1]1112[2]0712[1]0612[2]1109[1]0913[2]0606[1]0506[2]0511[1]1110[2]0407[1]1108[2]1208[1]0813[2]0914[1]0705[2]1107[1]1006[2]1309[1]1209[2]1210[1]1308[2]1408W
[1]0909[2]0908[1]1009[2]0910[1]0809[2]1109[1]0709[2]0609[1]1008[2]0810[1]0911[2]0808[1]0907[2]1010[1]1110[2]0710[1]0610[2]1011[1]0811[2]0708[1]0608[2]0812[1]0807[2]0711[1]1111[2]1007[1]1108[2]1209[1]0611[2]1107[1]1208[2]1308[1]1210[2]1211[1]1112[2]1113[1]1212[2]1012[1]1013[2]0912[1]0712[2]0612[1]0513[2]0511[1]0913[2]1014[1]1106[2]1207[1]1307[2]1206[1]0510[2]0813[1]0409[2]0714[1]0308B
[1]0909[2]0810[1]0709[2]0809[1]0710[2]0610[1]0910[2]0609[1]0711[2]0712[1]0708[2]0707[1]0509[2]0608[1]0607[2]0611[1]0612[2]0808[1]0811[2]0807[1]0806[2]0508[1]0908[2]0911[1]0907[2]0906[1]0510[2]1009[1]0507[2]1008[1]0812[2]0706[1]1108[2]1007[1]1006[2]1010[1]1011[2]0912[1]1109[2]1209[1]1110[2]1111[1]1107[2]1106[1]1012[2]1208[1]1309[2]1210[1]1211[2]1207[1]1206[2]1112[1]1308[2]0606[1]0505[2]0506[1]0406[2]0407[1]0306[2]0405[1]0605[2]1105[1]1005[2]0905[1]0805[2]0705[1]0704[2]0604[1]0813[2]0814[1]1310[2]1307[1]1311[2]1312[1]1212[2]0913[1]0914[2]0713[1]1013[2]1014[1]0714[2]1113[1]1114[2]1409[1]1213[2]1214[1]0504[2]1410[1]1205[2]0804[1]0903[2]0904[1]1004[2]1003[1]1408[2]1104[1]1103[2]0511[1]1510[2]1411[1]1412[2]1313[1]1115[2]1015[1]0915[2]0815[1]0613[2]0513[1]0512[2]0411[1]0311[2]0410[1]0412[2]0312[1]1314[2]1215[1]1116[2]1117[1]1413[2]1016[1]1017[2]1407[1]1507[2]1606[1]0916[2]0917[1]1306[2]1305[1]1406[2]1506[1]1204[2]1203[1]0408[2]0307[1]0816[2]0409[1]0308[2]1512[1]0310[2]0309[1]0208[2]0108[1]1511[2]0207[1]0107[2]0209[1]0109[2]0210[1]0008[2]0817[1]1605[2]0007[1]0413[2]0211[1]0212[2]0313[1]0110[2]0009[1]0918[2]1304[1]1405[2]1102[1]1001[2]1201[1]1300[2]1505[1]1202[2]1301[1]1302[2]1303[1]1404[2]1403[1]1503[2]1504[1]1402[2]1502[1]1601[2]1002[1]1101[2]1401[1]1501[2]1602[1]1603[2]1604[1]1400[2]1500[1]0106[2]0206[1]0006[2]1216[1]1217[2]1702[1]1802[2]0010[1]1703[2]1803[1]1315[2]1414[1]0111[2]0112[1]0213[2]1704[1]1804[2]1611[1]1705[2]1018[1]0902[2]0803[1]1100[2]1200[1]1000[2]0901[1]0703[2]0603[1]1316[2]1317[1]0802[2]0701[1]0702[2]0602[1]0601[2]1415[1]0503[2]0502[1]1118[2]0801[1]0800[2]0900[1]0700[2]0404[1]0305[2]0204[1]0205[2]0203[1]0304[2]0102[1]0403[2]0303[1]0302[2]0201[1]0202[2]0200[1]0101[2]0402[1]0501[2]0105[1]0004[2]0005[1]0104[2]0003[1]0103[2]0300[1]0301[2]0401[1]0400B
[1]0909[2]0809[1]0910[2]0810[1]0709[2]1009[1]0710[2]0808[1]0811[2]0807[1]0806[2]0711[1]0908[2]0907[1]0911[2]0912[1]0708[2]0707[1]0607[2]1007[1]1107[2]0608[1]1008[2]1206[1]0906[2]0609[1]1006[2]1106[1]0706[2]0606[1]0505[2]0805[1]1105[2]1010[1]0507[2]0905[1]1207[2]1108[1]1109[2]1005[1]0705[2]0605[1]0904[2]0506[1]0812[2]1208[1]0509[2]0508[1]0804[2]0610[1]0611[2]0712[1]1110[2]1011[1]1012[2]1004[1]0407[2]0307[1]0612[2]0408[1]0308[2]0406[1]0306[2]0913[1]0813[2]0814[1]1307[2]1407[1]1104[2]0713[1]0714[2]0511[1]0510[2]0409[1]1306[2]1205[1]1304[2]1305[1]1303[2]1204[1]1402[2]1203[1]1202[2]1403[1]1103[2]1102[1]1302[2]1301[1]1502[2]1602[1]1013[2]1003[1]1002[2]0903[1]1101[2]1404[1]1000[2]1503W
[1]0909[2]0908[1]0907[2]1008[1]1009[2]0808[1]0708[2]1108[1]1208[2]0910[1]0809[2]1109[1]0709[2]0609[1]1007[2]0810[1]0811[2]0710[1]0610[2]1010[1]1110[2]0807[1]0911[2]1107[1]1106[2]1006[1]1207[2]1206[1]1305[2]0812[1]0711[2]1011[1]0611[2]0511[1]0510[2]0712[1]1209[2]1210[1]1311[2]1308[1]1111[2]1211[1]0813[2]0912[1]0612[2]1012[1]0613[2]1112W
[1]0909[2]1009[1]1110[2]1010[1]1109[2]1210[1]1111[2]1108[1]1112[2]1113[1]1008[2]1211[1]0910[2]1011[1]1012[2]0911[1]1310[2]1209[1]1212[2]1208[1]1312[2]1207W
[1]0909[2]0810[1]0811[2]0910[1]0911[2]0912[1]1011[2]0711[1]1111[2]1211[1]0809[2]1010[1]1110[2]0710[1]0610[2]1012[1]1009[2]1109[1]0709[2]0609[1]1112[2]1113[1]1013[2]0808[1]1212[2]0908[1]0611[2]1008[1]1108[2]0708[1]0608[2]0509[1]0907[2]1007[1]0807[2]0712[1]0812[2]0612[1]0713[2]0513[1]0614[2]0414W
[1]0909[2]1009[1]1110[2]1010[1]1109[2]1210[1]1111[2]1108[1]1112[2]1113[1]1008[2]1211[1]0910[2]1011[1]1012[2]0911[1]1310[2]1209[1]1212[2]1208[1]1312[2]1207W
